vault_access_token: !vault |
          $ANSIBLE_VAULT;1.1;AES256
          65613664336639376239623234656136636437393137343663633161663130643938623138613837
          6466643937323065316430663566353332646630363531310a353031366365316161336561383730
          36613535323662323530636435303165326634356238633035653834663765386663663930393039
          3266343661303437620a323237633031316438653663636566366561626662646438366134663064
          62393838383936383462303065393765343232336163343262643166313761383134373363326637
          65343932656230646136656530376464336533363136666638626431393531333133356661373161
          33393731393761303133383735326664636263333562633835393064343638326539666636303763
          37383063643330636339346233383938643830616666646636316534373461323864336166633436
          32666433623432306237613965373631616365386135646262323732373961356665636135386530
          37613166363236333961636631313062623932353139366332653038386531333634666664323637
          35643937353631383431653466346534323635343736303730613132373162623736666630376664
          35316164353665343436333363623361616164633764333666623365383231623632663964613736
          36663339646462636162616536326338383333646435623166666661646636383662613436323531
          65636239333730343437336633363863313939633432633537623362656533643339363636353539
          39633632323735373764336433663536323231363434643361303631666434396430633363633335
          63336364663630663138393136316234613032633338613263386237616630396236333331613537
          65383663383934366466633861343735393531346536373639633434303963616365323431613835
          35626135626434356163313761366464313131616632623463626363386634636663346632336465
          33666431343163613065646434363061326137313333623031306461306534323138623132616233
          30303965656339653664356334346538313138613666316563346139343866383739646563373064
          31366531323730656464386661336363646435663735616363383238623735613530366165343630
          61666464613963333737636233366266663233353530376234613766613763303039336231646331
          38356566383639633632633938323239386666303830353732623639326230323731303832346163
          66323232396339353431383062333266373736623034643233653364666435333533343639653237
          32646634616130383939343832346663323230343366343035656334383337626332313937373139
          32353663366363366163613638303335616662393063373663366238363038393030386432336661
          61353632313365323332336562393935353765636463333962366437646130363264643037306365
          33346663386562643237626166656332393265396430343438336135353862326232343065376236
          30343938633738636139336662646361346464386566336436396164373933333363343836333364
          31383538376262393838303530393363356365343236653862366238343235333061393062386464
          65356132306131633231396162393364333033653436366164393433643133376532306133323066
          37643330613931623166393234373731386365643636636535333833373261333666306463666138
          37343137386133313064316231306131393064613164353733656530363466313163643862653662
          31306233616430326462373536643339376266636135613331353831356138373162623261666638
          65303063366235666134633361333130663165356439623832326565666639656263666636383739
          35343239353361616238643231623630326335343431303132646536656536363564363635613636
          32366536306633356261643435626664626166346635376431323963343766303833326639386266
          65336362383065616666336165363830303336663637663564616236363062333038376533623536
          34666638643662383238666531643464326337393865663233656237363538646433356233363438
          35616361373137626462303530616333646131366565613336623530363063643661323064353334
          32316530663531633135653737643562326262363731376232636165383564373537343361633433
          38643634333132316234323233613764383363353530386532393730323133313032373132366432
          63313361366538326264353031316439646237326233633433366332353936653535306662656630
          34366138336262633964646130633934643162363839636136613561623064343733313363303034
          31323538616531373537313735373361383632363163303937366635643431376231633363636564
          39636662633938396431366433346162616565383364333331633663313832663463623934303134
          64313038623930643362633565373031323565656536366165396564343564656135656233323338
          33663033616531633663633231613633653932656238376339316564383766616538313162633834
          36396465343062623965363764666438656365303933623765623666326536306437663564623866
          30393030366663323266663336356166333531653033646264363330633065613766333262346135
          33363933346135323264633965616661373136616338623835353836623462323238343433623130
          35323939623937303465313732313466343564616132613637633330353030363863616561393633
          34393539313435386466663336646636343363376264643731613638653263303833313536306237
          65393631333436323161313362353030636266626236373536643163343863613765636334383538
          39313664633331386433366661326263613663643264373463626365613732363361353534336331
          34386633613636616137646666616235623566346266356337623234396331363566313736623965
          33316464656637393031646331383464613935383564343637666437613230366163353438383632
          63343762643864663838363262373063396238303135393064323431393131643830643536323762
          32366639656163313834616136346266326535663137306266333533346166656664623334666165
          63373765373237623161353134613864656366623333646333663164653035643933356333363635
          34383430353835363864323234633836303630393464356634323961313065333065353163643630
          6531636661643632663432383661373736666165313662643837
